rot:
  max: 2.1041218220639752
  mean: 1.0423564195737955
  median: 1.0739676899247153
  min: 0.14250924947704569
  num_samples: 3639
  rmse: 1.1188422223154297
  std: 0.406572272799101
scale:
  max: 3.159832875685664
  mean: 1.2896025515250964
  median: 1.488662093721227
  min: 0.00122603803996979
  num_samples: 3639
  rmse: 1.5076848200304074
  std: 0.7810497907624604
trans:
  max: 0.1854787965784389
  mean: 0.08995057156343388
  median: 0.09689139095800497
  min: 0.023540374727569997
  num_samples: 3639
  rmse: 0.09408855237783917
  std: 0.02759620198449315
